9
1 0 0 0 0 1 
0 0 0 0 
0 0 0 0 
0 0 0 0 
0 0 0 0 
1 0 0 0 -1 1 
0 0 0 1 
0 0 0 0 
0 0 0 0 
1 0 0 0 
2 0 0 1 -2 1 
0 0 0 1 
0 0 0 1 
0 0 0 0 
1 1 0 0 
0 0 1 0 
0 0 0 1 
1 0 0 0 
0 1 0 0 
2 0 -1 3 -3 1 
0 0 0 1 
0 0 0 1 
0 0 0 1 
1 1 1 0 
0 0 1 1 
0 0 0 1 
1 0 0 0 
1 1 0 0 
1 0 0 2 -3 1 
0 0 1 1 
0 0 0 0 
1 0 0 1 
1 0 1 0 
1 0 -2 5 -4 1 
0 0 1 1 
0 0 0 1 
1 0 0 1 
1 1 1 0 
1 0 -3 6 -4 1 
0 0 1 1 
0 0 1 1 
1 1 0 0 
1 1 0 0 
1 0 -4 8 -5 1 
0 0 1 1 
0 0 1 1 
1 1 0 1 
1 1 1 0 
1 0 -6 11 -6 1 
0 1 1 1 
1 0 1 1 
1 1 0 1 
1 1 1 0 
