23
1 0 0 0 0 0 1 
0 0 0 0 0 
0 0 0 0 0 
0 0 0 0 0 
0 0 0 0 0 
0 0 0 0 0 
1 0 0 0 0 -1 1 
0 0 0 0 1 
0 0 0 0 0 
0 0 0 0 0 
0 0 0 0 0 
1 0 0 0 0 
2 0 0 0 1 -2 1 
0 0 0 0 1 
0 0 0 0 1 
0 0 0 0 0 
0 0 0 0 0 
1 1 0 0 0 
0 0 0 1 0 
0 0 0 0 1 
0 0 0 0 0 
1 0 0 0 0 
0 1 0 0 0 
3 0 0 -1 3 -3 1 
0 0 0 0 1 
0 0 0 0 1 
0 0 0 0 1 
0 0 0 0 0 
1 1 1 0 0 
0 0 0 1 1 
0 0 0 0 1 
0 0 0 0 0 
1 0 0 0 0 
1 1 0 0 0 
0 0 0 1 0 
0 0 0 0 1 
0 0 0 0 1 
1 0 0 0 0 
0 1 1 0 0 
3 0 1 -4 6 -4 1 
0 0 0 0 1 
0 0 0 0 1 
0 0 0 0 1 
0 0 0 0 1 
1 1 1 1 0 
0 0 0 1 1 
0 0 0 0 1 
0 0 0 0 1 
1 0 0 0 0 
1 1 1 0 0 
0 0 1 0 1 
0 0 0 1 1 
1 0 0 0 0 
0 1 0 0 0 
1 1 0 0 0 
1 0 0 0 2 -3 1 
0 0 0 1 1 
0 0 0 0 0 
0 0 0 0 0 
1 0 0 0 1 
1 0 0 1 0 
2 0 0 -2 5 -4 1 
0 0 0 1 1 
0 0 0 0 1 
0 0 0 0 0 
1 0 0 0 1 
1 1 0 1 0 
0 0 1 0 1 
0 0 0 1 0 
1 0 0 0 1 
0 1 0 0 0 
1 0 1 0 0 
3 0 2 -7 9 -5 1 
0 0 0 1 1 
0 0 0 0 1 
0 0 0 0 1 
1 0 0 0 1 
1 1 1 1 0 
0 0 0 1 1 
0 0 0 1 0 
0 0 0 0 1 
1 1 0 0 1 
1 0 1 1 0 
0 0 1 0 1 
0 0 0 1 1 
1 0 0 0 1 
0 1 0 0 0 
1 1 1 0 0 
1 0 0 -3 6 -4 1 
0 0 0 1 1 
0 0 0 1 1 
0 0 0 0 0 
1 1 0 0 0 
1 1 0 0 0 
1 0 3 -9 10 -5 1 
0 0 0 1 1 
0 0 0 1 1 
0 0 0 0 1 
1 1 0 0 0 
1 1 1 0 0 
1 0 0 -4 8 -5 1 
0 0 0 1 1 
0 0 0 1 1 
0 0 0 0 0 
1 1 0 0 1 
1 1 0 1 0 
3 0 4 -12 13 -6 1 
0 0 0 1 1 
0 0 0 1 1 
0 0 0 0 1 
1 1 0 0 1 
1 1 1 1 0 
0 0 1 0 1 
0 0 0 1 1 
1 0 0 0 1 
0 1 0 0 1 
1 1 1 1 0 
0 0 1 1 1 
0 0 0 0 1 
1 0 0 1 1 
1 0 1 0 0 
1 1 1 0 0 
1 0 7 -17 15 -6 1 
0 0 0 1 1 
0 0 0 1 1 
0 0 0 1 1 
1 1 1 0 0 
1 1 1 0 0 
2 0 8 -20 18 -7 1 
0 0 0 1 1 
0 0 0 1 1 
0 0 0 1 1 
1 1 1 0 1 
1 1 1 1 0 
0 0 1 1 1 
0 0 0 1 1 
1 0 0 0 1 
1 1 0 0 1 
1 1 1 1 0 
1 0 4 -10 10 -5 1 
0 0 1 1 0 
0 0 0 1 1 
1 0 0 0 1 
1 1 0 0 0 
0 1 1 0 0 
1 0 6 -15 14 -6 1 
0 0 1 1 1 
0 0 0 1 1 
1 0 0 0 1 
1 1 0 0 0 
1 1 1 0 0 
1 0 0 -6 11 -6 1 
0 0 1 1 1 
0 0 0 0 0 
1 0 0 1 1 
1 0 1 0 1 
1 0 1 1 0 
1 0 6 -17 17 -7 1 
0 0 1 1 1 
0 0 0 0 1 
1 0 0 1 1 
1 0 1 0 1 
1 1 1 1 0 
1 0 12 -28 23 -8 1 
0 0 1 1 1 
0 0 0 1 1 
1 0 0 1 1 
1 1 1 0 1 
1 1 1 1 0 
1 0 10 -23 19 -7 1 
0 0 1 1 1 
0 0 1 1 1 
1 1 0 0 1 
1 1 0 0 0 
1 1 1 0 0 
1 0 14 -31 24 -8 1 
0 0 1 1 1 
0 0 1 1 1 
1 1 0 0 1 
1 1 0 0 1 
1 1 1 1 0 
1 0 18 -39 29 -9 1 
0 0 1 1 1 
0 0 1 1 1 
1 1 0 1 1 
1 1 1 0 1 
1 1 1 1 0 
1 0 24 -50 35 -10 1 
0 1 1 1 1 
1 0 1 1 1 
1 1 0 1 1 
1 1 1 0 1 
1 1 1 1 0 
