73
1 0 0 0 0 0 0 1 
0 0 0 0 0 0 
0 0 0 0 0 0 
0 0 0 0 0 0 
0 0 0 0 0 0 
0 0 0 0 0 0 
0 0 0 0 0 0 
1 0 0 0 0 0 -1 1 
0 0 0 0 0 1 
0 0 0 0 0 0 
0 0 0 0 0 0 
0 0 0 0 0 0 
0 0 0 0 0 0 
1 0 0 0 0 0 
2 0 0 0 0 1 -2 1 
0 0 0 0 0 1 
0 0 0 0 0 1 
0 0 0 0 0 0 
0 0 0 0 0 0 
0 0 0 0 0 0 
1 1 0 0 0 0 
0 0 0 0 1 0 
0 0 0 0 0 1 
0 0 0 0 0 0 
0 0 0 0 0 0 
1 0 0 0 0 0 
0 1 0 0 0 0 
4 0 0 0 -1 3 -3 1 
0 0 0 0 0 1 
0 0 0 0 0 1 
0 0 0 0 0 1 
0 0 0 0 0 0 
0 0 0 0 0 0 
1 1 1 0 0 0 
0 0 0 0 1 1 
0 0 0 0 0 1 
0 0 0 0 0 0 
0 0 0 0 0 0 
1 0 0 0 0 0 
1 1 0 0 0 0 
0 0 0 0 1 0 
0 0 0 0 0 1 
0 0 0 0 0 1 
0 0 0 0 0 0 
1 0 0 0 0 0 
0 1 1 0 0 0 
0 0 0 1 0 0 
0 0 0 0 1 0 
0 0 0 0 0 1 
1 0 0 0 0 0 
0 1 0 0 0 0 
0 0 1 0 0 0 
6 0 0 1 -4 6 -4 1 
0 0 0 0 0 1 
0 0 0 0 0 1 
0 0 0 0 0 1 
0 0 0 0 0 1 
0 0 0 0 0 0 
1 1 1 1 0 0 
0 0 0 0 1 1 
0 0 0 0 0 1 
0 0 0 0 0 1 
0 0 0 0 0 0 
1 0 0 0 0 0 
1 1 1 0 0 0 
0 0 0 0 1 0 
0 0 0 0 0 1 
0 0 0 0 0 1 
0 0 0 0 0 1 
1 0 0 0 0 0 
0 1 1 1 0 0 
0 0 0 0 1 0 
0 0 0 0 1 0 
0 0 0 0 0 1 
0 0 0 0 0 1 
1 1 0 0 0 0 
0 0 1 1 0 0 
0 0 0 1 0 1 
0 0 0 0 1 1 
0 0 0 0 0 0 
1 0 0 0 0 0 
0 1 0 0 0 0 
1 1 0 0 0 0 
0 0 0 1 0 1 
0 0 0 0 1 0 
0 0 0 0 0 1 
1 0 0 0 0 0 
0 1 0 0 0 0 
1 0 1 0 0 0 
6 0 -1 5 -10 10 -5 1 
0 0 0 0 0 1 
0 0 0 0 0 1 
0 0 0 0 0 1 
0 0 0 0 0 1 
0 0 0 0 0 1 
1 1 1 1 1 0 
0 0 0 0 1 1 
0 0 0 0 0 1 
0 0 0 0 0 1 
0 0 0 0 0 1 
1 0 0 0 0 0 
1 1 1 1 0 0 
0 0 0 0 1 1 
0 0 0 0 1 0 
0 0 0 0 0 1 
0 0 0 0 0 1 
1 1 0 0 0 0 
1 0 1 1 0 0 
0 0 0 0 1 0 
0 0 0 0 1 0 
0 0 0 0 0 1 
0 0 0 0 0 1 
1 1 0 0 0 1 
0 0 1 1 1 0 
0 0 0 1 0 1 
0 0 0 0 1 1 
0 0 0 0 0 1 
1 0 0 0 0 0 
0 1 0 0 0 0 
1 1 1 0 0 0 
0 0 0 1 0 1 
0 0 0 0 1 1 
0 0 0 0 1 0 
1 0 0 0 0 0 
0 1 1 0 0 0 
1 1 0 0 0 0 
1 0 0 0 0 2 -3 1 
0 0 0 0 1 1 
0 0 0 0 0 0 
0 0 0 0 0 0 
0 0 0 0 0 0 
1 0 0 0 0 1 
1 0 0 0 1 0 
2 0 0 0 -2 5 -4 1 
0 0 0 0 1 1 
0 0 0 0 0 1 
0 0 0 0 0 0 
0 0 0 0 0 0 
1 0 0 0 0 1 
1 1 0 0 1 0 
0 0 0 1 0 1 
0 0 0 0 1 0 
0 0 0 0 0 0 
1 0 0 0 0 1 
0 1 0 0 0 0 
1 0 0 1 0 0 
5 0 0 2 -7 9 -5 1 
0 0 0 0 1 1 
0 0 0 0 0 1 
0 0 0 0 0 1 
0 0 0 0 0 0 
1 0 0 0 0 1 
1 1 1 0 1 0 
0 0 0 0 1 1 
0 0 0 0 1 0 
0 0 0 0 0 1 
0 0 0 0 0 0 
1 1 0 0 0 1 
1 0 1 0 1 0 
0 0 0 1 0 1 
0 0 0 0 1 1 
0 0 0 0 0 0 
1 0 0 0 0 1 
0 1 0 0 0 0 
1 1 0 1 0 0 
0 0 0 1 0 1 
0 0 0 0 1 0 
0 0 0 0 0 1 
1 0 0 0 0 1 
0 1 0 0 0 0 
1 0 1 1 0 0 
0 0 0 1 0 1 
0 0 0 0 1 0 
0 0 0 0 1 0 
1 0 0 0 0 1 
0 1 1 0 0 0 
1 0 0 1 0 0 
7 0 -2 9 -16 14 -6 1 
0 0 0 0 1 1 
0 0 0 0 0 1 
0 0 0 0 0 1 
0 0 0 0 0 1 
1 0 0 0 0 1 
1 1 1 1 1 0 
0 0 0 0 1 1 
0 0 0 0 1 0 
0 0 0 0 0 1 
0 0 0 0 0 1 
1 1 0 0 0 1 
1 0 1 1 1 0 
0 0 0 1 0 1 
0 0 0 0 1 1 
0 0 0 0 0 1 
1 0 0 0 0 1 
0 1 0 0 0 0 
1 1 1 1 0 0 
0 0 0 1 1 1 
0 0 0 0 1 0 
0 0 0 0 0 1 
1 0 0 0 0 0 
1 1 0 0 0 1 
1 0 1 0 1 0 
0 0 0 1 0 1 
0 0 0 0 1 1 
0 0 0 0 1 0 
1 0 0 0 0 1 
0 1 1 0 0 0 
1 1 0 1 0 0 
0 0 0 1 0 1 
0 0 0 0 1 1 
0 0 0 0 1 0 
1 0 0 0 0 0 
0 1 1 0 0 1 
1 1 0 0 1 0 
0 0 0 1 0 1 
0 0 0 0 1 0 
0 0 0 0 1 0 
1 0 0 0 0 1 
0 1 1 0 0 1 
1 0 0 1 1 0 
1 0 0 0 -3 6 -4 1 
0 0 0 0 1 1 
0 0 0 0 1 1 
0 0 0 0 0 0 
0 0 0 0 0 0 
1 1 0 0 0 0 
1 1 0 0 0 0 
2 0 0 3 -9 10 -5 1 
0 0 0 0 1 1 
0 0 0 0 1 1 
0 0 0 0 0 1 
0 0 0 0 0 0 
1 1 0 0 0 0 
1 1 1 0 0 0 
0 0 0 1 0 0 
0 0 0 0 1 1 
0 0 0 0 1 1 
1 0 0 0 0 0 
0 1 1 0 0 0 
0 1 1 0 0 0 
1 0 0 0 -4 8 -5 1 
0 0 0 0 1 1 
0 0 0 0 1 1 
0 0 0 0 0 0 
0 0 0 0 0 0 
1 1 0 0 0 1 
1 1 0 0 1 0 
4 0 -3 12 -19 15 -6 1 
0 0 0 0 1 1 
0 0 0 0 1 1 
0 0 0 0 0 1 
0 0 0 0 0 1 
1 1 0 0 0 0 
1 1 1 1 0 0 
0 0 0 0 1 1 
0 0 0 0 1 1 
0 0 0 0 1 0 
0 0 0 0 0 1 
1 1 1 0 0 0 
1 1 0 1 0 0 
0 0 0 1 1 1 
0 0 0 0 1 1 
0 0 0 0 0 1 
1 0 0 0 0 0 
1 1 0 0 0 0 
1 1 1 0 0 0 
0 0 0 1 0 1 
0 0 0 0 1 1 
0 0 0 0 1 1 
1 0 0 0 0 0 
0 1 1 0 0 0 
1 1 1 0 0 0 
5 0 0 4 -12 13 -6 1 
0 0 0 0 1 1 
0 0 0 0 1 1 
0 0 0 0 0 1 
0 0 0 0 0 0 
1 1 0 0 0 1 
1 1 1 0 1 0 
0 0 0 1 0 1 
0 0 0 0 1 1 
0 0 0 0 0 0 
1 0 0 0 0 1 
0 1 0 0 0 1 
1 1 0 1 1 0 
0 0 0 1 1 1 
0 0 0 0 1 1 
0 0 0 0 0 0 
1 0 0 0 0 0 
1 1 0 0 0 1 
1 1 0 0 1 0 
0 0 0 1 0 0 
0 0 0 0 1 1 
0 0 0 0 1 1 
1 0 0 0 0 0 
0 1 1 0 0 1 
0 1 1 0 1 0 
0 0 1 0 1 0 
0 0 0 1 0 1 
1 0 0 0 1 0 
0 1 0 0 0 1 
1 0 1 0 0 0 
0 1 0 1 0 0 
10 0 -4 16 -25 19 -7 1 
0 0 0 0 1 1 
0 0 0 0 1 1 
0 0 0 0 0 1 
0 0 0 0 0 1 
1 1 0 0 0 1 
1 1 1 1 1 0 
0 0 0 0 1 1 
0 0 0 0 1 1 
0 0 0 0 1 0 
0 0 0 0 0 1 
1 1 1 0 0 1 
1 1 0 1 1 0 
0 0 0 1 0 1 
0 0 0 0 1 1 
0 0 0 0 0 1 
1 0 0 0 0 1 
0 1 0 0 0 1 
1 1 1 1 1 0 
0 0 0 1 1 1 
0 0 0 0 1 1 
0 0 0 0 0 1 
1 0 0 0 0 0 
1 1 0 0 0 1 
1 1 1 0 1 0 
0 0 0 1 0 1 
0 0 0 0 1 1 
0 0 0 0 1 1 
1 0 0 0 0 0 
0 1 1 0 0 1 
1 1 1 0 1 0 
0 0 0 1 0 1 
0 0 0 0 1 1 
0 0 0 0 1 0 
1 0 0 0 0 1 
0 1 1 0 0 1 
1 1 0 1 1 0 
0 0 0 1 1 1 
0 0 0 0 0 1 
0 0 0 0 0 1 
1 0 0 0 1 1 
1 0 0 1 0 0 
1 1 1 1 0 0 
0 0 0 1 1 1 
0 0 0 1 0 0 
0 0 0 0 1 0 
1 1 0 0 0 1 
1 0 1 0 0 1 
1 0 0 1 1 0 
0 0 1 0 1 1 
0 0 0 1 0 1 
1 0 0 0 1 1 
0 1 0 0 0 0 
1 0 1 0 0 0 
1 1 1 0 0 0 
0 0 1 0 1 1 
0 0 0 1 0 1 
1 0 0 0 1 0 
0 1 0 0 0 1 
1 0 1 0 0 0 
1 1 0 1 0 0 
1 0 0 7 -17 15 -6 1 
0 0 0 0 1 1 
0 0 0 0 1 1 
0 0 0 0 1 1 
0 0 0 0 0 0 
1 1 1 0 0 0 
1 1 1 0 0 0 
2 0 -7 24 -32 21 -7 1 
0 0 0 0 1 1 
0 0 0 0 1 1 
0 0 0 0 1 1 
0 0 0 0 0 1 
1 1 1 0 0 0 
1 1 1 1 0 0 
0 0 0 1 1 1 
0 0 0 1 1 1 
0 0 0 0 0 1 
1 1 0 0 0 0 
1 1 0 0 0 0 
1 1 1 0 0 0 
2 0 0 8 -20 18 -7 1 
0 0 0 0 1 1 
0 0 0 0 1 1 
0 0 0 0 1 1 
0 0 0 0 0 0 
1 1 1 0 0 1 
1 1 1 0 1 0 
0 0 0 1 1 1 
0 0 0 0 1 1 
0 0 0 0 0 0 
1 0 0 0 0 1 
1 1 0 0 0 1 
1 1 0 1 1 0 
7 0 -8 28 -38 25 -8 1 
0 0 0 0 1 1 
0 0 0 0 1 1 
0 0 0 0 1 1 
0 0 0 0 0 1 
1 1 1 0 0 1 
1 1 1 1 1 0 
0 0 0 1 1 1 
0 0 0 0 1 1 
0 0 0 0 0 1 
1 0 0 0 0 1 
1 1 0 0 0 1 
1 1 1 1 1 0 
0 0 0 1 0 1 
0 0 0 0 1 1 
0 0 0 0 1 1 
1 0 0 0 0 1 
0 1 1 0 0 1 
1 1 1 1 1 0 
0 0 0 1 1 1 
0 0 0 0 1 1 
0 0 0 0 1 1 
1 0 0 0 0 0 
1 1 1 0 0 1 
1 1 1 0 1 0 
0 0 0 1 1 1 
0 0 0 0 1 1 
0 0 0 0 1 0 
1 0 0 0 0 1 
1 1 1 0 0 1 
1 1 0 1 1 0 
0 0 0 1 1 1 
0 0 0 1 0 1 
0 0 0 0 1 0 
1 1 0 0 0 1 
1 0 1 0 0 1 
1 1 0 1 1 0 
0 0 1 0 1 1 
0 0 0 1 0 1 
1 0 0 0 1 1 
0 1 0 0 0 1 
1 0 1 0 0 0 
1 1 1 1 0 0 
1 0 -15 44 -50 28 -8 1 
0 0 0 0 1 1 
0 0 0 0 1 1 
0 0 0 0 1 1 
0 0 0 0 1 1 
1 1 1 1 0 0 
1 1 1 1 0 0 
5 0 -16 48 -56 32 -9 1 
0 0 0 0 1 1 
0 0 0 0 1 1 
0 0 0 0 1 1 
0 0 0 0 1 1 
1 1 1 1 0 1 
1 1 1 1 1 0 
0 0 0 1 1 1 
0 0 0 0 1 1 
0 0 0 0 1 1 
1 0 0 0 0 1 
1 1 1 0 0 1 
1 1 1 1 1 0 
0 0 0 1 1 1 
0 0 0 1 0 1 
0 0 0 0 1 1 
1 1 0 0 0 1 
1 0 1 0 0 1 
1 1 1 1 1 0 
0 0 0 1 1 0 
0 0 0 1 0 1 
0 0 0 0 1 1 
1 1 0 0 1 1 
1 0 1 1 0 1 
0 1 1 1 1 0 
0 0 1 0 1 1 
0 0 0 1 1 1 
1 0 0 0 1 0 
0 1 0 0 0 1 
1 1 1 0 0 1 
1 1 0 1 1 0 
1 0 0 4 -10 10 -5 1 
0 0 0 1 1 0 
0 0 0 0 1 1 
0 0 0 0 0 0 
1 0 0 0 0 1 
1 1 0 0 0 0 
0 1 0 1 0 0 
1 0 0 6 -15 14 -6 1 
0 0 0 1 1 1 
0 0 0 0 1 1 
0 0 0 0 0 0 
1 0 0 0 0 1 
1 1 0 0 0 0 
1 1 0 1 0 0 
1 0 -4 14 -20 15 -6 1 
0 0 0 1 1 0 
0 0 0 0 1 1 
0 0 0 0 0 1 
1 0 0 0 0 1 
1 1 0 0 0 0 
0 1 1 1 0 0 
4 0 -6 21 -29 20 -7 1 
0 0 0 1 1 1 
0 0 0 0 1 1 
0 0 0 0 0 1 
1 0 0 0 0 1 
1 1 0 0 0 0 
1 1 1 1 0 0 
0 0 0 1 0 1 
0 0 0 0 1 1 
0 0 0 0 1 1 
1 0 0 0 0 1 
0 1 1 0 0 0 
1 1 1 1 0 0 
0 0 0 1 1 1 
0 0 0 1 0 0 
0 0 0 0 1 1 
1 1 0 0 0 1 
1 0 1 0 0 0 
1 0 1 1 0 0 
0 0 0 1 1 0 
0 0 0 1 0 1 
0 0 0 0 1 0 
1 1 0 0 0 1 
1 0 1 0 0 1 
0 1 0 1 1 0 
1 0 0 0 -6 11 -6 1 
0 0 0 1 1 1 
0 0 0 0 0 0 
0 0 0 0 0 0 
1 0 0 0 1 1 
1 0 0 1 0 1 
1 0 0 1 1 0 
2 0 0 6 -17 17 -7 1 
0 0 0 1 1 1 
0 0 0 0 0 1 
0 0 0 0 0 0 
1 0 0 0 1 1 
1 0 0 1 0 1 
1 1 0 1 1 0 
0 0 1 0 1 1 
0 0 0 1 0 0 
1 0 0 0 1 1 
0 1 0 0 0 0 
1 0 1 0 0 1 
1 0 1 0 1 0 
3 0 -6 23 -34 24 -8 1 
0 0 0 1 1 1 
0 0 0 0 0 1 
0 0 0 0 0 1 
1 0 0 0 1 1 
1 0 0 1 0 1 
1 1 1 1 1 0 
0 0 0 1 1 1 
0 0 0 0 1 0 
0 0 0 0 0 1 
1 0 0 0 1 1 
1 1 0 1 0 1 
1 0 1 1 1 0 
0 0 1 0 1 1 
0 0 0 1 0 1 
1 0 0 0 1 1 
0 1 0 0 0 0 
1 0 1 0 0 1 
1 1 1 0 1 0 
1 0 -10 29 -34 21 -7 1 
0 0 0 1 1 0 
0 0 0 0 1 1 
0 0 0 0 1 1 
1 0 0 0 0 1 
1 1 1 0 0 0 
0 1 1 1 0 0 
1 0 -14 41 -47 27 -8 1 
0 0 0 1 1 1 
0 0 0 0 1 1 
0 0 0 0 1 1 
1 0 0 0 0 1 
1 1 1 0 0 0 
1 1 1 1 0 0 
4 0 -12 36 -43 26 -8 1 
0 0 0 1 1 0 
0 0 0 0 1 1 
0 0 0 0 1 1 
1 0 0 0 0 1 
1 1 1 0 0 1 
0 1 1 1 1 0 
0 0 0 1 1 1 
0 0 0 1 0 1 
0 0 0 0 1 1 
1 1 0 0 0 1 
1 0 1 0 0 0 
1 1 1 1 0 0 
0 0 0 1 1 0 
0 0 0 1 0 1 
0 0 0 0 1 1 
1 1 0 0 0 1 
1 0 1 0 0 1 
0 1 1 1 1 0 
0 0 1 0 1 1 
0 0 0 1 1 1 
1 0 0 0 1 0 
0 1 0 0 0 1 
1 1 1 0 0 0 
1 1 0 1 0 0 
3 0 -10 33 -42 26 -8 1 
0 0 0 1 1 1 
0 0 0 0 1 1 
0 0 0 0 0 1 
1 0 0 0 1 1 
1 1 0 1 0 0 
1 1 1 1 0 0 
0 0 0 1 1 1 
0 0 0 1 1 1 
0 0 0 0 0 1 
1 1 0 0 0 1 
1 1 0 0 0 0 
1 1 1 1 0 0 
0 0 0 1 1 1 
0 0 0 1 1 1 
0 0 0 0 1 0 
1 1 0 0 0 1 
1 1 1 0 0 0 
1 1 0 1 0 0 
1 0 0 12 -28 23 -8 1 
0 0 0 1 1 1 
0 0 0 0 1 1 
0 0 0 0 0 0 
1 0 0 0 1 1 
1 1 0 1 0 1 
1 1 0 1 1 0 
4 0 -12 40 -51 31 -9 1 
0 0 0 1 1 1 
0 0 0 0 1 1 
0 0 0 0 0 1 
1 0 0 0 1 1 
1 1 0 1 0 1 
1 1 1 1 1 0 
0 0 0 1 1 1 
0 0 0 1 1 0 
0 0 0 0 0 1 
1 1 0 0 1 1 
1 1 0 1 0 1 
1 0 1 1 1 0 
0 0 1 0 1 1 
0 0 0 1 0 1 
1 0 0 0 1 1 
0 1 0 0 0 1 
1 0 1 0 0 1 
1 1 1 1 1 0 
0 0 1 0 1 1 
0 0 0 1 1 1 
1 0 0 0 1 1 
0 1 0 0 0 0 
1 1 1 0 0 1 
1 1 1 0 1 0 
1 0 -22 61 -65 34 -9 1 
0 0 0 1 1 1 
0 0 0 0 1 1 
0 0 0 0 1 1 
1 0 0 0 1 1 
1 1 1 1 0 0 
1 1 1 1 0 0 
4 0 -24 68 -74 39 -10 1 
0 0 0 1 1 1 
0 0 0 0 1 1 
0 0 0 0 1 1 
1 0 0 0 1 1 
1 1 1 1 0 1 
1 1 1 1 1 0 
0 0 0 1 1 1 
0 0 0 1 0 1 
0 0 0 0 1 1 
1 1 0 0 1 1 
1 0 1 1 0 1 
1 1 1 1 1 0 
0 0 1 0 1 1 
0 0 0 1 1 1 
1 0 0 0 1 1 
0 1 0 0 0 1 
1 1 1 0 0 1 
1 1 1 1 1 0 
0 0 1 1 1 1 
0 0 0 0 1 1 
1 0 0 1 1 1 
1 0 1 0 0 0 
1 1 1 0 0 1 
1 1 1 0 1 0 
1 0 0 10 -23 19 -7 1 
0 0 0 1 1 1 
0 0 0 1 1 1 
0 0 0 0 0 0 
1 1 0 0 0 1 
1 1 0 0 0 0 
1 1 0 1 0 0 
1 0 0 14 -31 24 -8 1 
0 0 0 1 1 1 
0 0 0 1 1 1 
0 0 0 0 0 0 
1 1 0 0 0 1 
1 1 0 0 0 1 
1 1 0 1 1 0 
2 0 -14 45 -55 32 -9 1 
0 0 0 1 1 1 
0 0 0 1 1 1 
0 0 0 0 0 1 
1 1 0 0 0 1 
1 1 0 0 0 1 
1 1 1 1 1 0 
0 0 0 1 1 1 
0 0 0 1 1 1 
0 0 0 0 0 1 
1 1 0 0 1 1 
1 1 0 1 0 0 
1 1 1 1 0 0 
1 0 -5 15 -20 15 -6 1 
0 0 0 1 1 0 
0 0 0 1 0 1 
0 0 0 0 1 1 
1 1 0 0 0 0 
1 0 1 0 0 0 
0 1 1 0 0 0 
1 0 -9 27 -33 21 -7 1 
0 0 0 1 1 1 
0 0 0 1 0 1 
0 0 0 0 1 1 
1 1 0 0 0 0 
1 0 1 0 0 0 
1 1 1 0 0 0 
1 0 -8 24 -30 20 -7 1 
0 0 0 1 1 0 
0 0 0 1 0 1 
0 0 0 0 1 1 
1 1 0 0 0 1 
1 0 1 0 0 0 
0 1 1 1 0 0 
1 0 -17 47 -51 28 -8 1 
0 0 0 1 1 1 
0 0 0 1 1 1 
0 0 0 0 1 1 
1 1 0 0 0 0 
1 1 1 0 0 0 
1 1 1 0 0 0 
1 0 -24 64 -66 34 -9 1 
0 0 0 1 1 1 
0 0 0 1 1 1 
0 0 0 0 1 1 
1 1 0 0 0 1 
1 1 1 0 0 0 
1 1 1 1 0 0 
3 0 -20 56 -61 33 -9 1 
0 0 0 1 1 1 
0 0 0 1 1 1 
0 0 0 0 1 1 
1 1 0 0 0 0 
1 1 1 0 0 1 
1 1 1 0 1 0 
0 0 0 1 1 1 
0 0 0 1 0 1 
0 0 0 0 1 1 
1 1 0 0 1 1 
1 0 1 1 0 0 
1 1 1 1 0 0 
0 0 1 0 1 1 
0 0 0 1 1 1 
1 0 0 0 1 1 
0 1 0 0 0 1 
1 1 1 0 0 0 
1 1 1 1 0 0 
2 0 -28 76 -79 40 -10 1 
0 0 0 1 1 1 
0 0 0 1 1 1 
0 0 0 0 1 1 
1 1 0 0 0 1 
1 1 1 0 0 1 
1 1 1 1 1 0 
0 0 1 1 1 1 
0 0 0 1 1 1 
1 0 0 0 1 0 
1 1 0 0 0 1 
1 1 1 0 0 1 
1 1 0 1 1 0 
1 0 0 18 -39 29 -9 1 
0 0 0 1 1 1 
0 0 0 1 1 1 
0 0 0 0 0 0 
1 1 0 0 1 1 
1 1 0 1 0 1 
1 1 0 1 1 0 
2 0 -18 57 -68 38 -10 1 
0 0 0 1 1 1 
0 0 0 1 1 1 
0 0 0 0 0 1 
1 1 0 0 1 1 
1 1 0 1 0 1 
1 1 1 1 1 0 
0 0 1 1 1 1 
0 0 0 0 0 1 
1 0 0 1 1 1 
1 0 1 0 1 1 
1 0 1 1 0 0 
1 1 1 1 0 0 
3 0 -36 96 -97 47 -11 1 
0 0 0 1 1 1 
0 0 0 1 1 1 
0 0 0 0 1 1 
1 1 0 0 1 1 
1 1 1 1 0 1 
1 1 1 1 1 0 
0 0 1 0 1 1 
0 0 0 1 1 1 
1 0 0 0 1 1 
0 1 0 0 1 1 
1 1 1 1 0 1 
1 1 1 1 1 0 
0 0 1 1 1 1 
0 0 0 0 1 1 
1 0 0 1 1 1 
1 0 1 0 0 1 
1 1 1 0 0 1 
1 1 1 1 1 0 
1 0 -31 78 -75 36 -9 1 
0 0 0 1 1 1 
0 0 0 1 1 1 
0 0 0 1 1 1 
1 1 1 0 0 0 
1 1 1 0 0 0 
1 1 1 0 0 0 
1 0 -38 95 -90 42 -10 1 
0 0 0 1 1 1 
0 0 0 1 1 1 
0 0 0 1 1 1 
1 1 1 0 0 1 
1 1 1 0 0 0 
1 1 1 1 0 0 
2 0 -32 84 -84 41 -10 1 
0 0 0 1 1 1 
0 0 0 1 1 1 
0 0 0 1 1 0 
1 1 1 0 0 1 
1 1 1 0 0 1 
1 1 0 1 1 0 
0 0 1 0 1 1 
0 0 0 1 1 1 
1 0 0 0 1 1 
0 1 0 0 1 1 
1 1 1 1 0 0 
1 1 1 1 0 0 
2 0 -46 115 -108 49 -11 1 
0 0 0 1 1 1 
0 0 0 1 1 1 
0 0 0 1 1 1 
1 1 1 0 0 1 
1 1 1 0 0 1 
1 1 1 1 1 0 
0 0 1 1 1 1 
0 0 1 1 1 1 
1 1 0 0 1 1 
1 1 0 0 0 1 
1 1 1 0 0 0 
1 1 1 1 0 0 
2 0 -54 135 -126 56 -12 1 
0 0 0 1 1 1 
0 0 0 1 1 1 
0 0 0 1 1 1 
1 1 1 0 1 1 
1 1 1 1 0 1 
1 1 1 1 1 0 
0 0 1 1 1 1 
0 0 0 1 1 1 
1 0 0 0 1 1 
1 1 0 0 1 1 
1 1 1 1 0 1 
1 1 1 1 1 0 
1 0 -18 51 -57 32 -9 1 
0 0 1 0 1 1 
0 0 0 1 1 0 
1 0 0 0 1 1 
0 1 0 0 0 1 
1 1 1 0 0 1 
1 0 1 1 1 0 
1 0 -16 44 -48 27 -8 1 
0 0 1 1 0 1 
0 0 0 1 1 1 
1 0 0 0 1 1 
1 1 0 0 0 0 
0 1 1 0 0 0 
1 1 1 0 0 0 
1 0 -14 39 -44 26 -8 1 
0 0 1 1 0 1 
0 0 0 1 1 1 
1 0 0 0 1 0 
1 1 0 0 0 1 
0 1 1 0 0 0 
1 1 0 1 0 0 
1 0 -22 59 -62 33 -9 1 
0 0 1 1 0 1 
0 0 0 1 1 1 
1 0 0 0 1 1 
1 1 0 0 0 1 
0 1 1 0 0 0 
1 1 1 1 0 0 
2 0 -30 79 -80 40 -10 1 
0 0 1 1 0 1 
0 0 0 1 1 1 
1 0 0 0 1 1 
1 1 0 0 0 1 
0 1 1 0 0 1 
1 1 1 1 1 0 
0 0 1 1 1 1 
0 0 0 0 1 1 
1 0 0 1 1 1 
1 0 1 0 0 1 
1 1 1 0 0 0 
1 1 1 1 0 0 
1 0 -26 67 -67 34 -9 1 
0 0 1 1 1 0 
0 0 0 1 1 1 
1 0 0 0 1 1 
1 1 0 0 0 1 
1 1 1 0 0 0 
0 1 1 1 0 0 
1 0 -34 87 -85 41 -10 1 
0 0 1 1 1 1 
0 0 0 1 1 1 
1 0 0 0 1 1 
1 1 0 0 0 1 
1 1 1 0 0 0 
1 1 1 1 0 0 
2 0 -42 107 -103 48 -11 1 
0 0 1 1 1 1 
0 0 0 1 1 1 
1 0 0 0 1 1 
1 1 0 0 0 1 
1 1 1 0 0 1 
1 1 1 1 1 0 
0 0 1 1 1 1 
0 0 1 1 1 1 
1 1 0 0 1 1 
1 1 0 0 0 0 
1 1 1 0 0 1 
1 1 1 0 1 0 
1 0 0 24 -50 35 -10 1 
0 0 1 1 1 1 
0 0 0 0 0 0 
1 0 0 1 1 1 
1 0 1 0 1 1 
1 0 1 1 0 1 
1 0 1 1 1 0 
1 0 -24 74 -85 45 -11 1 
0 0 1 1 1 1 
0 0 0 0 0 1 
1 0 0 1 1 1 
1 0 1 0 1 1 
1 0 1 1 0 1 
1 1 1 1 1 0 
1 0 -48 124 -120 55 -12 1 
0 0 1 1 1 1 
0 0 0 0 1 1 
1 0 0 1 1 1 
1 0 1 0 1 1 
1 1 1 1 0 1 
1 1 1 1 1 0 
1 0 -72 174 -155 65 -13 1 
0 0 1 1 1 1 
0 0 0 1 1 1 
1 0 0 1 1 1 
1 1 1 0 1 1 
1 1 1 1 0 1 
1 1 1 1 1 0 
1 0 -48 118 -109 49 -11 1 
0 0 1 1 1 1 
0 0 1 1 1 0 
1 1 0 0 1 1 
1 1 0 0 0 1 
1 1 1 0 0 1 
1 0 1 1 1 0 
1 0 -60 146 -132 57 -12 1 
0 0 1 1 1 1 
0 0 1 1 1 1 
1 1 0 0 1 1 
1 1 0 0 0 1 
1 1 1 0 0 1 
1 1 1 1 1 0 
1 0 -64 154 -137 58 -12 1 
0 0 1 1 1 1 
0 0 1 1 1 1 
1 1 0 0 1 1 
1 1 0 0 1 1 
1 1 1 1 0 0 
1 1 1 1 0 0 
1 0 -78 185 -161 66 -13 1 
0 0 1 1 1 1 
0 0 1 1 1 1 
1 1 0 0 1 1 
1 1 0 0 1 1 
1 1 1 1 0 1 
1 1 1 1 1 0 
1 0 -96 224 -190 75 -14 1 
0 0 1 1 1 1 
0 0 1 1 1 1 
1 1 0 1 1 1 
1 1 1 0 1 1 
1 1 1 1 0 1 
1 1 1 1 1 0 
1 0 -120 274 -225 85 -15 1 
0 1 1 1 1 1 
1 0 1 1 1 1 
1 1 0 1 1 1 
1 1 1 0 1 1 
1 1 1 1 0 1 
1 1 1 1 1 0 
